25
22 21
22 5
1101101000101111000000001
1011001000111110001010010
0000010101100110000010011
0011011010000101110000100
1101110101110100000110000
1000011110010011110110101
0111110110101001110101011
1100111000110000111110000
1000011110001001111101010
1000011011001101100111000
1011111111100010001000100
1111011000011100111101100
1001100011000101110011100
0110111010110100000101010
0010110000110100011011011
1111011001110110100001110
1011100011000000010100001
1000101110010011011101111
0001010110011001011100101
0011100101011101110111010
1100111100110011010111111
0000001100001001110101000
1110011111001101000011101
0110110100111011110011001
0101100110000101100111001
