28
18 10
3 17
1101001111000000011000111001
0111010111000100111100000110
1011100110001100000111010010
1101110011101001101111001001
1110001110111110101000110101
1000111010110101010111100010
1110111100100011110100000100
1100111000100000111000010010
0101000111011101001101101111
0000101011100101100100001110
1011111000010010110010100101
1110011100100010011101001100
1010010001101011000011000001
1010010000001100010000111111
1100101011010111010010110001
1000100101111101010110100010
0111111100001100001100010111
0010110100001011111111011001
0100100110010001010100011110
1111101000110100100110010111
0011111010110001001111100100
0100110001111000001010000100
0001101001100000000011101101
0010101001100011011011000101
0010101000011110101110111011
1000010101100011111110010001
0101111000101111101010111001
0010111101111010100011101010
