40
4 24
25 33
0010100100000011101100010000100101110110
1110101101011000000100000000110101101010
1111111111011011011000111011001010101010
1110100001001111100101101010000111011011
1101010100001000010100011000010000101111
1000000010110011011111111001110010010000
0110101000110001000101111110110101100000
0110110100001111001111000100100111001011
0110001010101101000100010011000111111010
0011110100001101110000111010001010101101
0001100110110011001000010100001001101111
1001010010000011111110000101110011010010
0101110011101101101011000011101111000001
1001100011001111100011000011110010111010
1000110000110110101000110001001000011011
1001101101101001101100100010011110010000
1110011110001001001011001011011110111101
1010010011100111100000110100001100011011
1010101110110000100101101111110011010001
0100100101000100001111000010011001001111
0110100101110111111001010110001011001101
0101010101110001111110101110011101001011
1100101010100010100010111110100010001100
1110100100110000110010011110000011011001
0101101011010001111011011000000000101000
0010011010001010011011001000001000010111
1111111100101101111010001111000011100011
1010111101101100011111101001010111001111
0010010000111010010100010001010000001100
1010011101011001100101101000100000011101
0000011110011010010101101110111110101110
1000010010111010110000000101011111111110
0011000010000000001011010101101100011010
1101000001000011010110000011100010111111
1011000001111111001101101010010111010100
0111110111000100110100010110010001110100
1001101110000110000010000110000100100010
0101011000010010111011110010100100000010
0110011100111101100000001011001010111011
0001111111111100011010101000010010111000
