44
33 15
27 23
11000101101101001001100111111110010110000100
00010101101010101000001101100111110001111011
00101001010101101010000010000111011111010000
10000010011111100110001111011111111110010101
00101011000100011100100000001001011100001001
10000111111111000010100110001010010001110111
01101010110010000100011100011100000101010010
01000101010000110010000010000100100110010000
11111111110010011010110000001000111100010001
00101000000010000000111011110110000101101100
00000000110111011111100011000110111001011000
11100010010100011111001001011010101000010000
00101110100110001100110000100101001110100001
00110101101110110100111011111101111111101010
10011011001110101101110001010101100001101101
11110101001001000011010001110100001011001101
10110010111100111111101111101100011000111010
00111001010111100100111100010110101101000011
11110101110111010010001111111110001001010001
10000101110001010110101101001001101101010000
00101010000010101110101110110110101000010011
10101101110111000001011110010101001111001110
00010100001001101001010111100100111100100100
00010000011100101100001001100100100110111001
11100011001010010001001100001010110011110011
11111101111101110111011110011100011101011111
10011101000100011111000101010101000111111111
01110011110100010000011100010100111100010000
10110010101111011010001010110111110111100011
11001101101000101100001100100010110001011101
01110100011000000101010000111101111111010110
01100100000001111110101011111001111101111111
01110011011100010001100011110001110010111101
11101111101110000010010111100100010001101011
01101001101100101100000101111001111010010100
11101101000011101010111111010001111000000000
00010001110000100110000100111011010010101001
00111010111100010100100010100100111100110000
01110111100001100100001000100000111101101101
01100101111011011100011100111101110110000001
11100100011100010111010111011010100110011101
01100010110000010110111011111001111110101110
11100101011010100111100000111011111101000101
11101010000001011100011001110100100001011011
