29
17 1
7 16
11000011110011111110100000110
00110000110010101010010000001
11000100111111010101001001010
00110100001100011100110100010
11111000000111101010011111101
10001110100101100111001111000
01111001100110001010100111101
11010100110001101111011010001
01111000000000001010111001101
10001101101001001011000110101
10010101111111001000010001100
10110111110100010000000000011
01101010001110110011011101101
10001011111010111001110001000
11111000111111010110101000110
10101001001010110011101011010
00101010010000101000011001100
10010000100010011010010000001
00010110011010110101001101100
10010110010110010111001000111
11110001000101000101111100101
10001001001001011011110001101
11010000100110100000011110101
01011010011010011011001110010
10001101101010010100111110011
01001011000000100000001010100
01001111000100110110111101100
11001010001000111010111100111
01010000110001000110011000000
