28
1 25
25 12
1000001101000000000110000001
1000010111010011111100010111
1100111001111101010110010100
0111110001000111111111001011
1111001101000010000101010010
0010111110111101110110011001
0111111000011110010100110111
0100101010111100010000100000
0110000100010101001000000111
0110010010010001100100100110
0010110100111101100001101011
1010010101001110110010111010
1010010001100101110000010100
0101001010111011010100100111
1111010011101010001010110011
0001110000001101101001001011
0100101111101101100001010111
1011110101011110011101001011
1010100010111110001100000001
1000011111011100111100000100
1010001110011000000101001100
0001000101011000100110010011
1111101101000011101001111101
1111000101100100001100101001
1000011000001110010010110000
0011010011111111001001111010
1101111101010100001000001101
0111010101000001101100110011
