29
12 29
15 20
11001000100000100001100101010
01111001000010010110111110100
00011001000100011110011101000
01101001110111101010110000010
10101111110111001011111011110
00101110010111011000111000001
10111000110010000111110011111
10011001001101001010001100011
10011111101111111000110101100
11111100011010000110111010111
11010001011000110111010001100
01110000110010011110001101110
11111011010010101010101110100
10101010110010001011110101011
01010001000111011010100110100
01111000010111001110001110010
01000010011110000101000111001
10100110110001000001001000010
00101001110010110111001010000
10010000011111100000110110010
01111011011001110100001100000
10101011101001011110110100100
10011001010010000110001101100
11001111011110000100000000111
11101111011100101110110011010
11100001111001100111010100110
01110010000100111111101001010
11001011111010001110001000010
11011001111101001010010010010
