30
16 3
27 29
100010111000000100010000001101
010001010000000010110110000111
110100000000100110001011011110
000010110111101100100100001110
110101110000110000100110111100
110010101001010000110101000110
100101101000101101010011011000
110111001111101101001100001111
100111010101001111111000000111
001000001000100001010111111001
101101100100110100001010111111
001110110101110100000100001110
110000011101010010110100100001
010111100011110111100101111001
100010100101010101010100001101
110111100100000010000010010100
110111000000100110110111010000
110101011011000111110101000010
000010111101001011100110011010
100101100110011100011010110001
011000110101000100100011100100
001001011001100110010011101111
001101100001111101100001110111
011001111011110001101100111100
011010101101010100010110100110
111110111001101111010011101110
110101110010011100000011001101
000010111010011100000011111000
101100101001100001001100011010
010101001101011101001111000100
