36
9 17
35 10
110110000011111111000001010001110001
000001000111000100000110001001111110
110101111100100111110010111101110111
000010000000011001010000110101011010
010110110010101100011000111010001010
100101101011010011000101101010000011
001100110111010000011110010001101011
100101000010111000000010100011100010
110001010011011000001000010011010010
011010101100110010010011110001001000
000011000111111100110110100000000101
010001110010100111101101110000101101
011100110101110000011011011001111001
010010001001000000111111000110010001
001101000100101010111010011001101001
000010000001001100101111000010110110
010011001111111000001000001010011101
001110001101000100100010011101001110
010111111100110011011101110001101100
011001010011010110001000010110111011
111100000011011001001010101001010100
100101001101101010000100001111111001
111000110011011010010100001101010001
010000001110110010010110010110011001
000011010011111100001011010100100100
011010001101101001100010001111110000
000110000100000100100010001001001110
110011011101101101101110010000001100
000110000101011000010010010000001010
111111010011010001100101011111100001
101000110110000001100111000010000101
110101100010100111011000001111001001
110111101111000000010101100000111111
001001101101010000010010010101011011
100010111000001101100110001000110110
001101111101011011011011010101101000
