44
24 34
33 5
11111101011110110000010111000001100010101111
11001000101011010101100001000010110000010100
10111000001101101000101101111110101101110000
01011100110001110011000100000000100010011011
10110010111111101100100101011111100101111100
01000100111001110001010101010101001111110010
10011001100011100110001110000101000110000100
00001101101001011101110010101101101110000100
11100011110011010000001101101000100101010011
10000101110100110111110100001000000010101010
00100111011111101111010101011111011000101011
01110010010000101111011011011001111100001001
01110110000111011000011011001001111000000100
00111111101001111110000101100100011110000100
01010111100111111011100000001111010101011000
11101011011010101011110110000010100110011101
11101100001111011110101001011000101011011110
01010111110100110101111001010100001010111100
11111100011001000000010101011110010100010110
01101101101111000011110110011001111101011101
11111000111110010001100011110001111001010100
11111111111100010001111111111110000001110001
00010000001110000010010001001010111101101111
11111000100100011110101101110001101101101111
01111010101110010111100111101101010111101011
00001100101001110100000111000110101011011011
10011011011111010110100111011100011110100011
11011110001111001101010111111100000101001110
10001011110110001111111101100101111010110101
10101001110000001000110101000010000010101101
10001000101111101000100011000100100001111011
00111110110000111111111100001111000110101110
10110000111001011101100001000101110010000100
10101110110001000010100001000101111100101001
10110111101111010010001010000001011000110011
01101001010100001001110011100010100101010000
10100110010111110111110001111110000010011010
00101011001010101111110110011111011110010101
11010100001011101011100101010000001011000101
11101011010000111011001010011000110011111101
01011100110110010111001011100100101001011000
01100110110000101110101101110110011000111111
10011111100101001001110101010110011100011111
01111110111101001101010001010100010001010000
