25
3 2
9 24
1110110100111001011100111
1110100000110100011010001
1010010000100000100000011
1011011101011010100101101
1000111110001101100110111
0001011111010000000101101
0001110111000101111110110
1110000000110101110011101
1110011101100110100011101
1110101010001101101011101
1100101010111101101000101
0001011111011001110010111
1111001000011101100101001
0111100011010011000111011
1101101110001010111100010
1000111001000111110110001
0010101101011110110011101
0101111011110110101001111
1010101000001010100010011
0100101110011101100110010
1011101111011101010111011
1011110101111000011110100
0010101011111111000000010
1001111100011000010111111
1011110001111011000111101
