24
2 6
21 24
000001100111000001100101
010100001101010001010010
000011010001111000101100
101110110110011100011111
101101110001010001011001
000111011101010010111110
101001101110011101100111
000100110010100011110000
010011010000001000000001
110100100001100110110001
001011101101011011110101
100000111010110000100001
010001101101010110101111
000010110010100010111000
011110010011100101111011
010011010101100011100010
100101010011110010101000
100101011000101010101000
001101111111011011000101
101000100000111110011110
111100011101110110101110
100111101011011111100101
111001101110001110110001
111101011101011100001100
