40
21 40
18 38
0110010010010111101011110010001010001000
1001110010001101111110100000000100011110
1110011000110110100101111101001110101001
0100001101100010101000111110110010010110
1011001100101100010110101011100001001100
0101001001010111100110111101101111000100
0010001100010010111010101101011110110111
1101111100110100001111011100011111101011
1111011011110101101100110011010101100000
1011111010011101100110110010010011110010
1110001101111001010000000010000100100000
1111110100101001011000000100000111000110
1100111101101101111111010110010100011100
0101110001110100000010011000100011100000
1110100101011000001101110100100000010100
0011010011010101001110010000100111110101
0000101011101111011111100000101101111110
0101010001000100100001100001110100010010
1101011111100000100000000010111001010100
1001000110010010011100001010100000000001
0000000011011011011111011011011011011000
0011010001110101111110101101001001100000
1110111000010100101100101001001010001110
0110010111010111011010011010000010001111
0000100111011000111101111111010110100100
0010010101001100111101010000100001000001
0011011111010110111011011011110100001110
0101011100010001110011111110001111000110
0110011101110001110111010010000001000110
0001000100011101111101100100011111011001
1010110111011011110001110101101000101110
0111101111110000101000110010100110110000
1111101000011101111010000110110000110010
0011111100110100011111111011000101001111
0010011000011111000000110011100101000111
1100011010100010001000101110001111011100
1100110010010101111110100111011000001001
0000100011000100001010000000101101010001
1001101100101001001100100110111011000110
0101100100100000100010011011010000111101
